2.156124327635744187e-01 2.499612732670533286e-02 -4.747846378352543750e-02 1.127055797646602242e-01 -7.303835580227004132e-02 5.671703456707600788e-01 -1.294074110111630982e-01 5.406969254188234153e-01 7.473186339852717908e-02 -1.769603404284606218e-01 3.798528441907100817e-01 -6.133839525159003742e-02 -2.375193992005478552e-02 -6.594464739719246849e-02 -1.794132805314656853e-01 1.736480507188538358e-01 8.870816568236929156e-02 -9.533050023475501955e-02 1.806942564045310451e-01
3.012899478446856572e-01 4.911834237026017624e-01 1.686685415483583084e-01 -1.760794221401176460e-02 2.916465692224323464e-03 -2.042535174469108650e-01 1.835392178550321052e-01 -1.353889073118488273e-01 -2.444254711589674001e-01 -6.472405322467923716e-02 9.371813642004454825e-02 -1.191549479846766707e-01 1.728212618094880360e-01 -3.144087632865575355e-01 -4.098000320155110732e-01 -1.715535043186718900e-01 -4.795016686757576363e-02 -3.415333230934796127e-01 1.162511295426475605e-01
3.565053570152540985e-01 4.565759690617348099e-01 -5.847866413315599282e-02 -2.315098103000378382e-01 -1.141414404648092018e-01 1.204543701369083092e-01 4.717059043905984933e-02 -1.151956994878773621e-01 6.162495844561443475e-02 1.904165882330820514e-01 -1.109510201540185315e-01 1.683834769581771806e-01 -3.058822799953033744e-01 8.339455630899428318e-02 4.031145074666551142e-01 7.863242604300559047e-02 3.371822652040369905e-01 -2.490435463380392123e-01 1.968663010132495617e-01
2.421300025714934190e-01 -8.021369051006286416e-03 -1.515339164163147234e-01 4.568993274100584534e-01 3.896885077288737564e-01 -9.351836676603217380e-02 4.754194804497888227e-03 -1.564560213775714054e-02 -3.967434475100706237e-01 -2.288961509492196400e-01 8.127770566274697406e-02 -1.355189952274799270e-01 6.003941999792604227e-03 -2.318150403726378095e-01 4.770650232648124267e-01 1.730846851410335341e-01 -4.964654741444244485e-02 -1.171310618606783739e-02 4.809891783448622983e-03
1.558707281087602370e-01 2.078146440559672844e-03 -2.810862622222637386e-01 -1.038213706272423653e-01 4.650366339964164819e-01 3.140113076048773322e-01 -1.079597118443889198e-01 -1.557931357458269273e-01 1.500434297551871687e-01 4.957842683418874352e-01 2.226397917547122754e-02 2.365143699795630716e-01 3.545285368047703112e-01 -2.721181168510304338e-01 -3.800659305968079327e-02 -1.869760540964800558e-02 -8.246937027012761490e-02 4.512343888208883436e-02 -1.637389183600342774e-03
3.178073110842122295e-01 -3.225606498082764229e-01 -1.333707751543109221e-01 1.405650069288072179e-01 -1.983680177263446587e-01 -3.251672076663965072e-01 2.736609987671473343e-01 1.050920875854873676e-02 1.397412741109234913e-01 3.759515253370797061e-01 2.985447828835801620e-01 3.758566342373474006e-02 -1.103425034108079794e-01 8.743018324159540500e-02 -4.275032646358380151e-02 3.553246874345065143e-01 -2.656585170944978924e-01 -2.596821919269436396e-01 1.275251845266016067e-03
4.441383096775867179e-01 -2.462269196821013639e-01 4.522137266138132050e-01 -1.995000090958371775e-01 1.906455856009152960e-01 -8.446083229562742489e-02 -9.526863299158365439e-02 7.043230246730917965e-02 3.560329316549123990e-02 8.649582060619354085e-02 -1.515331322177332352e-01 -2.126965058137795517e-01 -4.045504259855218186e-03 5.861361058389508855e-02 6.496967845937419439e-02 -3.720622032753080621e-02 -1.954785016084940596e-01 1.927075204606580883e-01 5.281507672283030086e-01
3.861813278789572590e-01 9.952746404059572422e-03 8.377070435918575197e-02 3.414817209030107659e-01 -2.373682592505312883e-01 2.762385317795058026e-01 -2.498450259653605676e-01 -7.908628714087581613e-02 1.624915644182171881e-02 -1.305365485783417934e-01 -3.714982569093689957e-01 2.668305273876699357e-01 8.229629823849234083e-02 1.799625639167134195e-01 4.158767889439927284e-02 -1.397463509300942153e-01 -4.110985044922993437e-01 -2.490954008973334521e-01 -8.847282485836822918e-02
2.850130610070336634e-01 -2.296167526835731221e-01 -3.902737653961592668e-01 -2.703069595051075247e-01 -1.971819626598483866e-01 9.770032342002851755e-02 8.083367757394728514e-02 -1.611906567496007581e-01 -2.281226219758738516e-01 -1.985879930814777039e-01 -1.641555746947984465e-02 2.198805335934354566e-01 -4.309565766592539648e-01 -3.331739458613133253e-01 -1.455403567857722069e-01 -9.706141967123990688e-02 -1.641655926091000195e-01 2.438629004208953399e-01 7.666019658318212748e-02
2.637390593117295290e-01 -1.715810499860500327e-01 1.457178702276172577e-01 6.309932750453188799e-01 -1.693093294107225477e-01 7.010208257725557279e-02 2.109429859305468058e-01 -1.685264917212649649e-01 1.166267614742292485e-01 1.644837570220073486e-01 -1.718997426313329802e-01 4.411543967258108045e-02 -2.600989345955307189e-02 -1.432829944375328679e-01 -1.857114373662005491e-01 -5.739397166348551155e-02 4.263262970203610669e-01 2.369077594667493014e-01 7.820634187200686815e-02
3.936562961989292786e-01 -3.078764968180666695e-01 3.663548755532662349e-01 -3.149648200727632741e-01 -9.028938085075854936e-02 -2.091565861922961914e-03 -1.958243811592902950e-01 3.842194460031417291e-02 4.699587052263101694e-02 -5.089336448453313233e-02 -1.560517527410815453e-01 -1.022009683106524791e-01 4.986382658566999859e-02 -3.769938926227810461e-01 5.294934198870025061e-02 2.352039748698388499e-01 1.852474138281859084e-01 -1.309651167267698590e-01 -4.183877753351877837e-01
2.140902258866184960e-01 -1.520864628123116680e-01 -2.116471229202556981e-01 -5.766146613694033557e-02 -3.507875025228232024e-01 -6.557852836468713864e-02 -4.400028449859890722e-01 -4.498025555433929901e-01 -5.932276954371754757e-02 -1.025056903795475843e-01 3.616137230094562116e-01 -1.519802525763804257e-01 3.420479911480960311e-01 1.472580714852862460e-01 6.477020247434099598e-02 -3.664428753250693893e-02 1.726187290212669589e-01 2.945345976223376697e-02 1.298649441576442964e-01
3.623392846351800589e-01 -1.803926895425121968e-01 -2.882500159545599572e-01 -3.346011062371102851e-02 3.043411936995540912e-01 9.359977192114939115e-02 -7.128813998633298787e-02 3.355879529117986732e-02 -2.779555325933988352e-01 1.724416597927420636e-01 -1.688500526036005867e-01 -3.796650691336110328e-01 -2.096665217737436193e-01 3.905856229720480188e-01 -2.616639410891259399e-01 -1.500168995737174160e-01 1.605945288509872393e-01 -1.406375581716529100e-01 -1.779249743806451400e-01
1.671423806272916146e-01 4.751772034151639443e-03 -2.940417742684697244e-01 8.773483107526082458e-02 -8.111847085525823731e-02 -5.172161008588280762e-01 -3.473064904065109038e-01 5.216314834243384047e-01 1.352621660745230436e-01 9.720719842183712933e-02 -8.303177300213226975e-02 1.299486275927048684e-01 1.881064471081353787e-02 -1.698089071736185729e-01 5.787695024901243906e-02 -3.368183408297529269e-01 1.087496059625787659e-01 -2.267144112330525541e-02 3.488909580750872153e-02
4.797685762284311650e-01 2.107386257656323758e-01 1.566418070579317368e-01 -4.221597451305390825e-02 -1.158053330793549773e-01 1.088590548270766956e-01 2.695063883799515558e-01 9.012835085059754670e-02 7.765999743495978491e-02 1.095813464540410648e-01 3.627623053149608423e-01 -1.381024897510799987e-01 2.086924137089082865e-02 7.892356544782364036e-02 2.467685440032205135e-01 -3.909509378017617109e-01 -1.367352531057393905e-01 2.898796102245360662e-01 -3.181792918665047321e-01
2.496002655162155026e-01 -1.837135616831462315e-01 -2.329652949773317883e-01 -2.271341604384547463e-01 -9.235530331079538913e-02 -4.610142028056927674e-03 5.096787572061296512e-01 2.245155058572564644e-01 -1.329792402219729941e-01 -2.255462129836975915e-01 -2.370179434471837154e-01 1.547754769441788414e-01 5.211232065740604158e-01 1.714215622754694801e-01 6.749260693558895019e-02 5.080130799682593817e-02 1.352517867596910450e-01 5.670617639557925908e-03 6.521023289731123218e-02
2.015949823294685972e-01 6.109339818403221323e-02 -2.833633011725171236e-01 1.324852058091808248e-02 2.162418303602904324e-01 -5.703224518902867690e-02 1.211236794811087064e-01 -1.834236039562579523e-01 7.118432281837205888e-01 -4.115895970011023142e-01 -9.558044918061386896e-02 -2.815356140723165868e-01 -5.409137425568520674e-02 -5.035933463103949015e-02 -2.152017927993079768e-02 -7.736201392539624778e-03 -4.514635520235195376e-02 -6.538392800686393391e-02 2.354952715028144333e-03
3.643543221674439003e-01 5.273416363281481223e-01 -8.097727965348498758e-02 1.155505089366693459e-02 -4.970921538316160418e-03 -1.920340363864681543e-01 -1.923927763728833784e-01 5.615246683720430398e-02 -2.896578647503008849e-02 -1.488034825454222221e-02 -1.244500415655911824e-01 5.634678109203391377e-02 4.447963588807490876e-02 1.644662846980243787e-01 -2.200314181345542353e-01 4.613797522270965401e-01 -6.520947959437528585e-02 4.219396286163716314e-01 -1.143450403970048684e-01
2.545227562784554975e-01 -1.461051214215484950e-01 2.635236110093759909e-01 -1.715703226554864125e-02 4.336218875957933983e-01 -1.743152747266798752e-01 -4.341540210837929736e-02 -8.359371250516192675e-02 4.433976670892363081e-02 -2.788817251536674369e-01 3.181340829601933540e-01 5.605972344246208383e-01 -9.924948320236740007e-02 2.377225510207605086e-01 -1.269840058527235971e-01 -7.136304238156453150e-02 1.681660856128935344e-01 -4.657489044933266209e-02 -5.997590655119097031e-02
